36.129.204.117:9003
125.42.150.235:9901
2409:8087:1a01:df::7005:80
36.40.237.54:9999
d18dyiwu97wm6q.cloudfront.net:443
143.244.60.30:80
e2.woc.iiiya.cn:28888
58.48.37.158:1111
61.173.144.157:9901
live-hls-web-aje.getaj.net:80
2409:8087:1:20:20::2a:80
v.hystudio.cn:8088
iot-mqqt.111yao.cn:8080
t.freetv.fun:443
iptv.huuc.edu.cn:80
hls.weathertv.cn:80
bp-livetytv.bestv.cn:80
qjrhc.jydjd.top:2911
vip.lqcc.xyz:35455
tw-ty-line-11-1-5.sudatech.store:20319
58.19.38.162:9901
119.6.59.216:60033
122.228.73.138:2380
n24-cdn-live.ntv.co.jp:443
stream.appwuhan.com:80
89.187.177.137:8081
genglei.8866.org:9901
148.113.160.49:14176
www.tszhgjj.cn:7000
20240504.shunyue1809.com:6321
ottrrs.hl.chinamobile.com:80
43.152.143.193:80
112.30.194.221:20080
grandprix2023.asuscomm.com:8892
dminnvll.cdn.mangomolo.com:80
218.13.14.6:60050
2409:8087:4c0a:22:1::11:6410
111.22.153.159:35455
148.113.160.49:14187
hdl-vip-ws.qf.56.com:443
live4play.uk:80
222.241.154.37:9901
124.116.183.146:9901
tv.greatstar.me:80
tmpstream.hyrtv.cn:80
www.lizhinas.top:1009
api.kkitv.itv888.vip:8080
iptv.4666888.xyz:80
live.ottiptv.cc:443
2409:8087:1:20:20::26:80
nhkwlive-ojp.akamaized.net:443
gdfire2.67890123.cn:8088
live.nbs.cn:80
livetv.skycf.eu.org:80
streamsy.online:2999
1.94.31.214:35455
39.107.120.164:8080
itv.iptv1688.top:2016
smjdenny.eu.org:35455
175.8.28.207:9999
119.32.12.17:2901
rrs01.hw.gmcc.net:8088
liveout.gstv.com.cn:443
live.tvfix.org:443
scdytv.cn:1935
2409:8087:1:20:20::2c:80
idclive.hljtv.com:4430
vip.lqcc.xyz:15511
nas.hssvm.com:8888
2409:8087:5e00:24::2d:6610
220.134.196.147:8561
live.wanyuannews.com:80
live.zhgbtv.cn:3100
sansat.net:88
tv.drs.ganzitv.com:8100
live.pzhkai.com:80
39.134.182.166:80
m3u8file.lstv.org.cn:80
1.197.249.103:9901
live.hyxrmt.com:85
zhibo.hkstv.tv:80
smart.pendy.dpdns.org:443
zby.130519.xyz:443
erp.giihgtidg.com:8080
tv-trtworld.live.trt.com.tr:443
live.dameijunlian.cn:80
litv.zapi.us.kg:80
122.117.71.103:8559
wouu.net:9977
119.91.7.169:2026
iptv.vip-tptv.xyz:443
cdn2.163189.xyz:80
lmt.scqstv.com:80
v3.mediacast.hk:443
39.134.65.175:80
221.13.235.131:9901
edgeone.passwdword.xyz:443
221.13.235.238:9901
221.13.234.32:9901
101.66.194.47:9901
tpc.x3322.net:9901
123.129.70.178:9901
goodiptv.club:443
221.13.234.46:9901
webcast.hkstv.tv:80
221.13.234.195:9901
101.74.28.60:9901
p.ytelc.com:80
183.223.157.33:9901
www.goodiptv.club:80
