www.tszhgjj.cn:7000
vip.lqcc.xyz:15511
iot-mqqt.111yao.cn:8080
tv-trtworld.live.trt.com.tr:443
124.116.183.146:9901
2409:8087:1a01:df::7005:80
dminnvll.cdn.mangomolo.com:80
tv.drs.ganzitv.com:8100
218.92.37.174:9901
live4play.uk:80
nas.hssvm.com:8888
m3u8file.lstv.org.cn:80
livetv.skycf.eu.org:80
89.187.177.137:8081
lmt.scqstv.com:80
zhibo.hkstv.tv:80
119.6.59.216:60033
liveout.gstv.com.cn:443
39.107.120.164:8080
125.42.150.230:9901
2409:8087:1:20:20::26:80
39.134.65.175:80
20240504.shunyue1809.com:6321
smart.pendy.dpdns.org:443
d12a2vxqkkh1bo.cloudfront.net:443
2409:8087:4c0a:22:1::11:6410
58.48.37.158:1111
stream.appwuhan.com:80
148.113.160.49:14176
39.152.103.17:8089
litv.zapi.us.kg:80
122.117.71.103:8559
rrs01.hw.gmcc.net:8088
125.42.148.47:9901
36.129.204.117:9003
2409:8087:5e00:24::2d:6610
hls.weathertv.cn:80
218.13.14.6:60050
nhkwlive-ojp.akamaized.net:443
live.hyxrmt.com:85
n24-cdn-live.ntv.co.jp:443
111.22.153.159:35455
58.19.38.162:9901
2409:8087:1:20:20::2c:80
hdl-vip-ws.qf.56.com:443
itv.iptv1688.top:2016
175.8.28.207:9999
live.zhgbtv.cn:3100
e2.woc.iiiya.cn:28888
live-hls-web-aje.getaj.net:80
vip.lqcc.xyz:35455
smjdenny.eu.org:35455
2409:8087:1:20:20::2a:80
gdfire2.67890123.cn:8088
www.lizhinas.top:1009
d18dyiwu97wm6q.cloudfront.net:443
erp.giihgtidg.com:8080
61.173.144.157:9901
live.dameijunlian.cn:80
1.94.31.214:35455
zby.130519.xyz:443
iptv.huuc.edu.cn:80
119.32.12.17:2901
idclive.hljtv.com:4430
live.pzhkai.com:80
tmpstream.hyrtv.cn:80
live.wanyuannews.com:80
39.134.182.166:80
ottrrs.hl.chinamobile.com:80
143.244.60.30:80
live.tvfix.org:443
122.228.73.138:2380
live.nbs.cn:80
222.241.154.37:9901
v.hystudio.cn:8088
tv.greatstar.me:80
148.113.160.49:14187
api.kkitv.itv888.vip:8080
43.152.143.193:80
scdytv.cn:1935
bp-livetytv.bestv.cn:80
tw-ty-line-11-1-5.sudatech.store:20319
112.30.194.221:20080
qjrhc.jydjd.top:2911
grandprix2023.asuscomm.com:8892
stream.hrbtv.net:80
iptv.vip-tptv.xyz:443
streamsy.online:2999
220.134.196.147:8561
sansat.net:88
wouu.net:9977
edgeone.passwdword.xyz:443
101.74.28.60:9901
hczn.x3322.net:9902
live.ottiptv.cc:443
101.74.28.30:9901
ali-m-l.cztv.com:443
153.0.171.163:9901
goodiptv.club:443
222.214.208.34:59901
cdn.163189.xyz:80
123.129.70.178:9901
cdn2.163189.xyz:80
125.42.150.40:9901
p2.bdstatic.com:443
v4-e6b1c5baf4e240fe63adbf68dda23435.livehwc4.com:443
genglei.8866.org:9901
218.3.138.25:1111
198.16.100.186:8278
iptv.4666888.xyz:80
tpc.x3322.net:9901
125.42.150.235:9901
live-auth.51kandianshi.com:443
pulltv1.wanfudaluye.com:443
bxtv.3a.ink:80
tencentplay.gztv.com:443
pulltv2.wanfudaluye.com:443
p2.vzan.com:80
pull-hls-f11.douyincdn.com:80
183.223.157.33:9901
122.152.202.33:80
4gtv.dxjc.pp.ua:443
livestream-bt.nmtv.cn:443
dxtx.hntv.tv:443
play-live-hls.jxtvcn.com.cn:80
49.234.31.101:7033
english-livetx.cgtn.com:80
english-livetx.cgtn.com:443
jwplay.hebyun.com.cn:80
221.13.235.23:9901
jwcdnqx.hebyun.com.cn:443
txmov2.a.kwimgs.com:443
bxtv.3a.ink:443
tencentplay.gztv.com:80
video.epaper.pybtv.cn:8080
txmov2.a.kwimgs.com:80
hls.ningxiahuangheyun.com:443
221.13.234.230:9901
webcast.hkstv.tv:80
other.ottiptv.cc:443
www.goodiptv.club:80
112.123.243.37:50085
101.66.198.215:9901
101.66.198.253:9901
101.66.195.55:9901
101.66.199.240:9901
101.66.198.178:9901
101.66.195.106:9901
l.cztvcloud.com:80
101.66.194.38:9901
mag.greatott.me:80
156.238.248.80:8880
www.lwfz.fun:8800
